minPoints: 3
Radius: 2.000000
Outliers: 2
Outliers in percent: 0.032258
Cluster: 0
27 Points:
[3.,0.,2.,1.,0.]
[2.,0.,2.,1.,0.]
[3.,0.,2.,1.,1.]
[4.,0.,2.,1.,0.]
[2.,0.,2.,1.,0.]
[3.,1.,2.,1.,0.]
[3.,1.,2.,1.,1.]
[4.,0.,2.,1.,0.]
[1.,0.,2.,1.,0.]
[1.,1.,2.,1.,1.]
[1.,0.,2.,1.,1.]
[1.,0.,2.,1.,1.]
[1.,0.,2.,1.,1.]
[1.,0.,2.,1.,1.]
[1.,0.,2.,1.,1.]
[1.,0.,2.,2.,2.]
[2.,1.,2.,1.,2.]
[1.,0.,2.,1.,1.]
[1.,0.,2.,1.,1.]
[2.,1.,2.,1.,1.]
[1.,0.,2.,2.,1.]
[1.,1.,2.,1.,1.]
[1.,0.,2.,1.,1.]
[1.,0.,2.,1.,1.]
[1.,1.,2.,1.,0.]
[1.,1.,2.,1.,0.]
[1.,1.,2.,1.,0.]
End cluster 0
Cluster: 1
33 Points:
[5.,0.,4.,1.,1.]
[5.,0.,4.,1.,0.]
[4.,0.,4.,1.,0.]
[1.,0.,4.,2.,0.]
[3.,0.,4.,1.,1.]
[3.,0.,4.,1.,0.]
[2.,0.,4.,2.,0.]
[3.,0.,4.,1.,0.]
[3.,0.,4.,1.,1.]
[1.,0.,4.,1.,1.]
[3.,0.,4.,1.,0.]
[3.,0.,4.,1.,2.]
[1.,1.,4.,1.,0.]
[1.,1.,4.,1.,1.]
[1.,1.,4.,1.,2.]
[1.,1.,4.,1.,2.]
[1.,1.,4.,1.,0.]
[1.,1.,4.,1.,1.]
[1.,1.,4.,1.,1.]
[1.,1.,4.,1.,0.]
[1.,2.,4.,1.,2.]
[1.,1.,4.,1.,1.]
[1.,1.,4.,1.,0.]
[1.,1.,4.,1.,1.]
[1.,1.,4.,1.,0.]
[1.,1.,4.,1.,1.]
[1.,1.,4.,1.,1.]
[1.,1.,4.,1.,0.]
[1.,1.,4.,1.,0.]
[1.,1.,4.,1.,0.]
[1.,1.,4.,1.,1.]
[1.,1.,4.,1.,0.]
[1.,1.,4.,1.,1.]
End cluster 1
Outliers:
[10., 0., 4., 1., 1.]
[1.,0.,4.,3.,3.]
