minPoints: 3
Radius: 2.500000
Outliers: 9
Outliers in percent: 0.183673
Cluster: 0
20 Points:
[ 3., 4., 0., 4.,35., 1., 1.]
[ 2., 6., 0., 4.,35., 1., 0.]
[ 3., 4., 0., 4.,35., 2., 0.]
[ 1., 4., 0., 4.,35., 3., 1.]
[ 2., 4., 0., 4.,35., 1., 1.]
[ 1., 4., 0., 4.,35., 1., 0.]
[ 1., 5., 1., 3.,35., 1., 0.]
[ 2., 6., 0., 3.,35., 1., 1.]
[ 1., 4., 0., 2.,35., 1., 0.]
[ 1., 2., 1., 9.,35., 1., 0.]
[ 1., 2., 1., 9.,35., 1., 0.]
[ 2., 1., 0., 9.,35., 1., 0.]
[ 1., 2., 1., 9.,35., 1., 0.]
[ 1., 1., 0., 9.,35., 1., 0.]
[ 1., 2., 1., 7.,35., 1., 0.]
[ 1., 1., 0., 6.,35., 1., 0.]
[ 2., 2., 0., 6.,35., 1., 0.]
[ 1., 3., 1., 6.,35., 1., 0.]
[ 3., 3., 0., 6.,35., 1., 0.]
[ 2., 3., 0., 6.,35., 1., 0.]
End cluster 0
Cluster: 1
10 Points:
[ 1., 3., 1., 4.,45., 1., 1.]
[ 1., 2., 1., 4.,45., 1., 1.]
[ 1., 2., 1., 4.,45., 1., 0.]
[ 2., 2., 0., 4.,45., 1., 1.]
[ 1., 2., 1., 4.,45., 1., 1.]
[ 1., 2., 1., 4.,45., 1., 1.]
[ 1., 3., 2., 4.,45., 2., 0.]
[ 1., 2., 1., 4.,45., 1., 0.]
[ 1., 3., 1., 4.,45., 1., 0.]
[ 1., 3., 2., 4.,45., 1., 0.]
End cluster 1
Cluster: 2
10 Points:
[ 1., 1., 0., 2.,70., 1., 0.]
[ 2., 2., 0., 2.,70., 1., 0.]
[ 1., 1., 0., 2.,70., 1., 0.]
[ 1., 1., 0., 2.,70., 1., 0.]
[ 1., 1., 0., 2.,70., 1., 0.]
[ 1., 3., 0., 2.,70., 1., 0.]
[ 1., 1., 0., 2.,70., 1., 0.]
[ 1., 2., 0., 2.,70., 1., 2.]
[ 1., 2., 0., 2.,70., 1., 0.]
[ 1., 1., 0., 2.,70., 1., 1.]
End cluster 2
Outliers:
[ 1., 6., 5., 3.,35., 2., 0.]
[ 2., 9., 0., 2.,35., 1., 1.]
[ 1., 7., 0., 4.,45., 1., 0.]
[ 5., 6., 0., 4.,45., 2., 0.]
[ 6., 9., 0., 2.,70., 2., 0.]
[ 4.,25., 0., 2.,70., 2., 0.]
[ 1., 6., 0., 2.,70., 3., 2.]
[ 1., 8., 0., 2.,70., 1., 0.]
[ 3., 5., 0., 2.,70., 1., 0.]
