minPoints: 2
Radius: 4.000000
Outliers: 4
Outliers in percent: 0.166667
Cluster: 0
16 Points:
[10, 9, 9,10,10,12,13,13,12,12]
[10, 9, 8,10,10,12,14,14,12,12]
[13,10, 9,10,10,11,14,15,13,12]
[10, 8, 8, 9,10,13,14,15,13,12]
[ 8, 6, 6, 8, 8,10,13,15,13,12]
[ 8, 7, 7, 8, 8,10,12,15,11,11]
[ 9, 7, 5, 8, 8,10,13,14,12,12]
[ 9, 9,10, 9, 9,10,11,15,13,12]
[10,10,10,10,10,12,12,13,12,12]
[ 9, 9, 9, 9, 9,10,11,11,11,11]
[ 9, 8, 7, 9, 8,12,13,13,12,13]
[10, 9, 8, 8, 8, 9, 9,11, 9,10]
[11,11, 9,10, 9,13,14,16,13,13]
[10,10,10,10,11,11,12,12,13,12]
[11, 9, 9,10, 9,11,12,12,10,12]
[ 9, 6, 4, 7, 7,11,12,13,12,13]
End cluster 0
Cluster: 1
2 Points:
[ 8, 7, 6, 5, 7, 9,10,10, 8, 8]
[ 8, 6, 5, 6, 6, 9,11,10, 8, 9]
End cluster 1
Cluster: 2
2 Points:
[13,13,14,13,13,13,14,14,14,14]
[14,12,12,12,12,14,15,15,13,13]
End cluster 2
Outliers:
[14,14,11,16,17,17,20,16,12,15]
[13,10, 9, 9, 9,10,10,10, 8, 9]
[ 9, 4, 4, 6, 8,10,10,10, 9,15]
[13,12,11,12,12,14,18,21,18,17]
