minPoints: 3
Radius: 8.000000
Outliers: 12
Outliers in percent: 0.631579
Cluster: 0
4 Points:
[130.92,  4.66,  2.26]
[132.2 ,  4.7 ,  2.13]
[130.07,  4.79,  2.19]
[135.6,  1. ,  2.6]
End cluster 0
Cluster: 1
3 Points:
[80.8 , 4.62, 2.19]
[80.8 , 4.62, 2.19]
[78.1, 6.6, 2.9]
End cluster 1
Outliers:
[338.33, 16.77,  2.75]
[339.62, 16.07,  2.73]
[115.07,  2.67,  3.17]
[89.9 , 2.1 , 3.35]
[115.07,  2.67,  3.17]
[153.1 ,  6.5 ,  2.45]
[59.9 , 5.7 , 2.79]
[69.6 , 4.7 , 2.81]
[55.14, 4.54, 3.03]
[194.6 ,  1.8 ,  3.02]
[164.1 , 10.  ,  1.93]
[34.2 ,12.5 , 2.82]
