Cluster: 0
Centroids: [ 4. 25.  0.  2. 70.  2.  0.]
Max Dist. to Center: 0.000000
Min Dist. to Center: 0.000000
Avg Dist. to Center: 0.000000
1 Points:
[ 4.,25., 0., 2.,70., 2., 0.]
End cluster 0
Cluster: 1
Centroids: [ 1.35294118  2.          0.58823529  6.23529412 38.52941176  1.
  0.23529412]
Max Dist. to Center: 6.943669
Min Dist. to Center: 3.651326
Avg Dist. to Center: 5.115176
17 Points:
[ 1., 2., 1., 4.,45., 1., 1.]
[ 1., 2., 1., 4.,45., 1., 0.]
[ 2., 2., 0., 4.,45., 1., 1.]
[ 1., 2., 1., 4.,45., 1., 1.]
[ 1., 2., 1., 4.,45., 1., 1.]
[ 1., 2., 1., 4.,45., 1., 0.]
[ 1., 2., 1., 9.,35., 1., 0.]
[ 1., 2., 1., 9.,35., 1., 0.]
[ 2., 1., 0., 9.,35., 1., 0.]
[ 1., 2., 1., 9.,35., 1., 0.]
[ 1., 1., 0., 9.,35., 1., 0.]
[ 1., 2., 1., 7.,35., 1., 0.]
[ 1., 1., 0., 6.,35., 1., 0.]
[ 2., 2., 0., 6.,35., 1., 0.]
[ 1., 3., 1., 6.,35., 1., 0.]
[ 3., 3., 0., 6.,35., 1., 0.]
[ 2., 3., 0., 6.,35., 1., 0.]
End cluster 1
Cluster: 2
Centroids: [ 1.57142857  3.07142857  0.          2.         70.          1.21428571
  0.35714286]
Max Dist. to Center: 7.450175
Min Dist. to Center: 0.710705
Avg Dist. to Center: 2.655962
14 Points:
[ 1., 1., 0., 2.,70., 1., 0.]
[ 2., 2., 0., 2.,70., 1., 0.]
[ 6., 9., 0., 2.,70., 2., 0.]
[ 1., 1., 0., 2.,70., 1., 0.]
[ 1., 1., 0., 2.,70., 1., 0.]
[ 1., 1., 0., 2.,70., 1., 0.]
[ 1., 3., 0., 2.,70., 1., 0.]
[ 1., 6., 0., 2.,70., 3., 2.]
[ 1., 1., 0., 2.,70., 1., 0.]
[ 1., 8., 0., 2.,70., 1., 0.]
[ 1., 2., 0., 2.,70., 1., 2.]
[ 3., 5., 0., 2.,70., 1., 0.]
[ 1., 2., 0., 2.,70., 1., 0.]
[ 1., 1., 0., 2.,70., 1., 1.]
End cluster 2
Cluster: 3
Centroids: [ 1.70588235  4.76470588  0.70588235  3.58823529 38.52941176  1.35294118
  0.35294118]
Max Dist. to Center: 7.446929
Min Dist. to Center: 3.700276
Avg Dist. to Center: 5.222519
17 Points:
[ 3., 4., 0., 4.,35., 1., 1.]
[ 2., 6., 0., 4.,35., 1., 0.]
[ 3., 4., 0., 4.,35., 2., 0.]
[ 1., 4., 0., 4.,35., 3., 1.]
[ 2., 4., 0., 4.,35., 1., 1.]
[ 1., 4., 0., 4.,35., 1., 0.]
[ 1., 5., 1., 3.,35., 1., 0.]
[ 1., 6., 5., 3.,35., 2., 0.]
[ 2., 6., 0., 3.,35., 1., 1.]
[ 1., 4., 0., 2.,35., 1., 0.]
[ 2., 9., 0., 2.,35., 1., 1.]
[ 1., 3., 1., 4.,45., 1., 1.]
[ 1., 7., 0., 4.,45., 1., 0.]
[ 1., 3., 2., 4.,45., 2., 0.]
[ 1., 3., 1., 4.,45., 1., 0.]
[ 5., 6., 0., 4.,45., 2., 0.]
[ 1., 3., 2., 4.,45., 1., 0.]
End cluster 3
