Cluster: 0
Centroids: [45.65 10.15 38.45  0.45  0.69]
Max Dist. to Center: 3.687221
Min Dist. to Center: 3.687221
Avg Dist. to Center: 3.687221
2 Points:
[46.4 , 9.7 ,42.  , 0.  , 0.85]
[44.9 ,10.6 ,34.9 , 0.9 , 0.53]
End cluster 0
Cluster: 1
Centroids: [81.18571429  7.42857143  6.9         4.01428571  0.93142857]
Max Dist. to Center: 5.935769
Min Dist. to Center: 1.528070
Avg Dist. to Center: 2.670209
7 Points:
[82.1 , 5.9 , 7.9 , 4.7 , 0.78]
[81.9 , 7.4 , 7.2 , 2.7 , 0.85]
[81.6 ,10.1 , 6.3 , 4.4 , 0.75]
[81.6 , 6.6 , 5.9 , 4.9 , 0.93]
[82.8, 7.1, 5.1, 3.7, 1.1]
[82.  , 5.6 , 6.4 , 4.7 , 0.91]
[76.3, 9.3, 9.5, 3. , 1.2]
End cluster 1
Cluster: 2
Centroids: [68.33333333  9.55       17.41666667  2.91666667  1.33      ]
Max Dist. to Center: 6.980509
Min Dist. to Center: 3.458670
Avg Dist. to Center: 5.535769
6 Points:
[70.7 , 3.6 ,17.6 , 5.6 , 0.63]
[71.3,12.3,13.1, 1.9, 2.3]
[72.5, 9.2,12.6, 3.3, 1.4]
[65.9,10.4,19.7, 2.6, 1.4]
[64.8,10.7,20.3, 2.5, 1.4]
[64.8 ,11.1 ,21.2 , 1.6 , 0.85]
End cluster 2
Cluster: 3
Centroids: [88.5    2.57   2.8    5.68   0.485]
Max Dist. to Center: 3.488198
Min Dist. to Center: 0.876541
Avg Dist. to Center: 2.307742
10 Points:
[90.1 , 2.6 , 1.  , 6.9 , 0.35]
[88.5 , 1.4 , 3.5 , 6.  , 0.24]
[88.4 , 2.2 , 2.7 , 6.4 , 0.18]
[90.3, 1.7, 1.4, 6.2, 0.4]
[90.4, 0.6, 4.5, 4.4, 0.1]
[87.7 , 3.5 , 3.4 , 4.8 , 0.71]
[86.9, 4.8, 1.7, 5.7, 0.9]
[86.5, 3.9, 3.2, 5.6, 0.8]
[90.  , 2.  , 1.8 , 5.5 , 0.47]
[86.2, 3. , 4.8, 5.3, 0.7]
End cluster 3
