Cluster: 0
Centroids: [14 14 11 16 17 17 20 16 12 15]
Max Dist. to Center: 9.848858
Min Dist. to Center: 0.000000
Avg Dist. to Center: 6.374159
3 Points:
[14,14,11,16,17,17,20,16,12,15]
[13,13,14,13,13,13,14,14,14,14]
[14,12,12,12,12,14,15,15,13,13]
End cluster 0
Cluster: 1
Centroids: [ 8  7  6  5  7  9 10 10  8  8]
Max Dist. to Center: 11.090537
Min Dist. to Center: 0.000000
Avg Dist. to Center: 7.540025
11 Points:
[10, 9, 9,10,10,12,13,13,12,12]
[ 8, 7, 6, 5, 7, 9,10,10, 8, 8]
[ 8, 7, 7, 8, 8,10,12,15,11,11]
[13,10, 9, 9, 9,10,10,10, 8, 9]
[ 9, 9,10, 9, 9,10,11,15,13,12]
[10,10,10,10,10,12,12,13,12,12]
[ 9, 9, 9, 9, 9,10,11,11,11,11]
[ 8, 6, 5, 6, 6, 9,11,10, 8, 9]
[10, 9, 8, 8, 8, 9, 9,11, 9,10]
[10,10,10,10,11,11,12,12,13,12]
[11, 9, 9,10, 9,11,12,12,10,12]
End cluster 1
Cluster: 2
Centroids: [13 12 11 12 12 14 18 21 18 17]
Max Dist. to Center: 11.269428
Min Dist. to Center: 0.000000
Avg Dist. to Center: 7.172126
3 Points:
[13,10, 9,10,10,11,14,15,13,12]
[13,12,11,12,12,14,18,21,18,17]
[11,11, 9,10, 9,13,14,16,13,13]
End cluster 2
Cluster: 3
Centroids: [ 9  4  4  6  8 10 10 10  9 15]
Max Dist. to Center: 11.000000
Min Dist. to Center: 0.000000
Avg Dist. to Center: 7.408090
7 Points:
[10, 9, 8,10,10,12,14,14,12,12]
[10, 8, 8, 9,10,13,14,15,13,12]
[ 8, 6, 6, 8, 8,10,13,15,13,12]
[ 9, 7, 5, 8, 8,10,13,14,12,12]
[ 9, 4, 4, 6, 8,10,10,10, 9,15]
[ 9, 8, 7, 9, 8,12,13,13,12,13]
[ 9, 6, 4, 7, 7,11,12,13,12,13]
End cluster 3
