Cluster: 0
Centroids: [10.  0.  4.  1.  1.]
Max Dist. to Center: 0.000000
Min Dist. to Center: 0.000000
Avg Dist. to Center: 0.000000
1 Points:
[10., 0., 4., 1., 1.]
End cluster 0
Cluster: 1
Centroids: [1.33333333 0.66666667 3.66666667 1.5        2.16666667]
Max Dist. to Center: 1.900292
Min Dist. to Center: 0.781736
Avg Dist. to Center: 1.462263
6 Points:
[3.,0.,4.,1.,2.]
[1.,0.,4.,3.,3.]
[1.,0.,2.,2.,2.]
[1.,1.,4.,1.,2.]
[1.,1.,4.,1.,2.]
[1.,2.,4.,1.,2.]
End cluster 1
Cluster: 2
Centroids: [1.72727273 0.49090909 3.05454545 1.05454545 0.54545455]
Max Dist. to Center: 3.485128
Min Dist. to Center: 1.286548
Avg Dist. to Center: 1.630361
55 Points:
[3.,0.,2.,1.,0.]
[5.,0.,4.,1.,1.]
[5.,0.,4.,1.,0.]
[2.,0.,2.,1.,0.]
[3.,0.,2.,1.,1.]
[4.,0.,4.,1.,0.]
[4.,0.,2.,1.,0.]
[2.,0.,2.,1.,0.]
[3.,1.,2.,1.,0.]
[3.,1.,2.,1.,1.]
[4.,0.,2.,1.,0.]
[1.,0.,4.,2.,0.]
[3.,0.,4.,1.,1.]
[3.,0.,4.,1.,0.]
[1.,0.,2.,1.,0.]
[2.,0.,4.,2.,0.]
[3.,0.,4.,1.,0.]
[3.,0.,4.,1.,1.]
[1.,0.,4.,1.,1.]
[3.,0.,4.,1.,0.]
[1.,1.,2.,1.,1.]
[1.,0.,2.,1.,1.]
[1.,0.,2.,1.,1.]
[1.,0.,2.,1.,1.]
[1.,0.,2.,1.,1.]
[1.,0.,2.,1.,1.]
[2.,1.,2.,1.,2.]
[1.,0.,2.,1.,1.]
[1.,0.,2.,1.,1.]
[2.,1.,2.,1.,1.]
[1.,0.,2.,2.,1.]
[1.,1.,2.,1.,1.]
[1.,0.,2.,1.,1.]
[1.,0.,2.,1.,1.]
[1.,1.,2.,1.,0.]
[1.,1.,2.,1.,0.]
[1.,1.,2.,1.,0.]
[1.,1.,4.,1.,0.]
[1.,1.,4.,1.,1.]
[1.,1.,4.,1.,0.]
[1.,1.,4.,1.,1.]
[1.,1.,4.,1.,1.]
[1.,1.,4.,1.,0.]
[1.,1.,4.,1.,1.]
[1.,1.,4.,1.,0.]
[1.,1.,4.,1.,1.]
[1.,1.,4.,1.,0.]
[1.,1.,4.,1.,1.]
[1.,1.,4.,1.,1.]
[1.,1.,4.,1.,0.]
[1.,1.,4.,1.,0.]
[1.,1.,4.,1.,0.]
[1.,1.,4.,1.,1.]
[1.,1.,4.,1.,0.]
[1.,1.,4.,1.,1.]
End cluster 2
